      50.313970        5.303866        5.315060       -4.767043       -0.267702       -0.538805        0.230103       -0.000761        0.026888       -0.007607        0.000504       -0.000887        0.000194       -0.000024        0.000022       -0.000004        0.000001       -0.000000        0.000000       -0.000000        0.000000       -0.000000        0.000000       -0.000000        0.000000       -0.000000        0.000000       -0.000000        0.000000       -0.000000        0.000000       -0.000000 
       5.303866        3.676377        1.178612        0.211724       -0.250230       -0.063293       -0.039648        0.009094        0.000797        0.002088       -0.000258        0.000041       -0.000068        0.000007       -0.000002        0.000002       -0.000000        0.000000       -0.000000        0.000000       -0.000000        0.000000       -0.000000        0.000000       -0.000000        0.000000       -0.000000        0.000000       -0.000000        0.000000       -0.000000        0.000000 
       5.315060        1.178612        3.837663        0.255206        0.298289       -0.331287       -0.029886       -0.033790        0.014603        0.000858        0.001697       -0.000443       -0.000001       -0.000055        0.000011       -0.000001        0.000001       -0.000000        0.000000       -0.000000        0.000000       -0.000000        0.000000       -0.000000        0.000000       -0.000000        0.000000       -0.000000        0.000000       -0.000000        0.000000       -0.000000 
      -4.767043        0.211724        0.255206        4.060774        0.394343        0.376928       -0.328774       -0.016815       -0.035339        0.014215       -0.000172        0.001624       -0.000431        0.000035       -0.000050        0.000010       -0.000001        0.000001       -0.000000        0.000000       -0.000000        0.000000       -0.000000        0.000000       -0.000000        0.000000       -0.000000        0.000000       -0.000000        0.000000       -0.000000        0.000000 
      -0.267702       -0.250230        0.298289        0.394343        0.242119        0.052518       -0.022027       -0.016960       -0.006140        0.000463        0.000534        0.000300       -0.000001       -0.000008       -0.000009       -0.000000       -0.000000        0.000000        0.000000        0.000000       -0.000000       -0.000000       -0.000000        0.000000       -0.000000        0.000000       -0.000000        0.000000       -0.000000        0.000000       -0.000000        0.000000 
      -0.538805       -0.063293       -0.331287        0.376928        0.052518        0.366037       -0.007686        0.026736       -0.033594        0.000383       -0.002903        0.001599       -0.000063        0.000146       -0.000052        0.000004       -0.000005        0.000001       -0.000000        0.000000       -0.000000        0.000000       -0.000000        0.000000       -0.000000        0.000000       -0.000000        0.000000       -0.000000        0.000000       -0.000000        0.000000 
       0.230103       -0.039648       -0.029886       -0.328774       -0.022027       -0.007686       -0.055422       -0.005459       -0.006156        0.005952        0.000327        0.000581       -0.000273       -0.000004       -0.000026        0.000008       -0.000000        0.000001       -0.000000        0.000000       -0.000000        0.000000       -0.000000        0.000000       -0.000000        0.000000       -0.000000        0.000000       -0.000000        0.000000       -0.000000        0.000000 
      -0.000761        0.009094       -0.033790       -0.016815       -0.016960        0.026736       -0.005459        0.003774       -0.001151        0.001354       -0.000143        0.000056       -0.000097        0.000002       -0.000004        0.000004        0.000000        0.000000       -0.000000        0.000000       -0.000000        0.000000       -0.000000        0.000000       -0.000000        0.000000       -0.000000        0.000000       -0.000000        0.000000       -0.000000        0.000000 
       0.026888        0.000797        0.014603       -0.035339       -0.006140       -0.033594       -0.006156       -0.001151        0.021895        0.003138        0.002213       -0.001646       -0.000150       -0.000186        0.000066        0.000002        0.000008       -0.000002        0.000000       -0.000000        0.000000       -0.000000        0.000000       -0.000000        0.000000       -0.000000        0.000000       -0.000000        0.000000       -0.000000        0.000000       -0.000000 
      -0.007607        0.002088        0.000858        0.014215        0.000463        0.000383        0.005952        0.001354        0.003138        0.004850        0.000711        0.000171       -0.000461       -0.000056       -0.000031        0.000021        0.000002        0.000002       -0.000001       -0.000000       -0.000000        0.000000       -0.000000        0.000000       -0.000000        0.000000       -0.000000        0.000000       -0.000000        0.000000       -0.000000        0.000000 
       0.000504       -0.000258        0.001697       -0.000172        0.000534       -0.002903        0.000327       -0.000143        0.002213        0.000711        0.001017       -0.000135        0.000035       -0.000091        0.000009       -0.000006        0.000004       -0.000001        0.000000       -0.000000        0.000000       -0.000000        0.000000       -0.000000        0.000000       -0.000000        0.000000       -0.000000        0.000000       -0.000000        0.000000       -0.000000 
      -0.000887        0.000041       -0.000443        0.001624        0.000300        0.001599        0.000581        0.000056       -0.001646        0.000171       -0.000135       -0.000714       -0.000088       -0.000075        0.000070        0.000003        0.000007       -0.000003        0.000000       -0.000000        0.000000       -0.000000        0.000000       -0.000000        0.000000       -0.000000        0.000000       -0.000000        0.000000       -0.000000        0.000000       -0.000000 
       0.000194       -0.000068       -0.000001       -0.000431       -0.000001       -0.000063       -0.000273       -0.000097       -0.000150       -0.000461        0.000035       -0.000088        0.000275        0.000010        0.000032       -0.000022        0.000000       -0.000003        0.000001       -0.000000        0.000000       -0.000000        0.000000       -0.000000        0.000000       -0.000000        0.000000       -0.000000        0.000000       -0.000000        0.000000       -0.000000 
      -0.000024        0.000007       -0.000055        0.000035       -0.000008        0.000146       -0.000004        0.000002       -0.000186       -0.000056       -0.000091       -0.000075        0.000010       -0.000012        0.000008       -0.000003        0.000001       -0.000000        0.000000       -0.000000        0.000000       -0.000000        0.000000       -0.000000        0.000000       -0.000000        0.000000       -0.000000        0.000000       -0.000000        0.000000       -0.000000 
       0.000022       -0.000002        0.000011       -0.000050       -0.000009       -0.000052       -0.000026       -0.000004        0.000066       -0.000031        0.000009        0.000070        0.000032        0.000008       -0.000005       -0.000003       -0.000001        0.000000        0.000000        0.000000       -0.000000       -0.000000       -0.000000       -0.000000        0.000000        0.000000        0.000000       -0.000000       -0.000000       -0.000000        0.000000        0.000000 
      -0.000004        0.000002       -0.000001        0.000010       -0.000000        0.000004        0.000008        0.000004        0.000002        0.000021       -0.000006        0.000003       -0.000022       -0.000003       -0.000003       -0.000001       -0.000000       -0.000000        0.000000        0.000000        0.000000       -0.000000        0.000000       -0.000000        0.000000       -0.000000        0.000000       -0.000000        0.000000       -0.000000        0.000000       -0.000000 
       0.000001       -0.000000        0.000001       -0.000001       -0.000000       -0.000005       -0.000000        0.000000        0.000008        0.000002        0.000004        0.000007        0.000000        0.000001       -0.000001       -0.000000        0.000000        0.000000        0.000000       -0.000000        0.000000       -0.000000        0.000000       -0.000000        0.000000       -0.000000        0.000000       -0.000000        0.000000       -0.000000        0.000000       -0.000000 
      -0.000000        0.000000       -0.000000        0.000001        0.000000        0.000001        0.000001        0.000000       -0.000002        0.000002       -0.000001       -0.000003       -0.000003       -0.000000        0.000000       -0.000000        0.000000       -0.000000        0.000000       -0.000000        0.000000       -0.000000        0.000000       -0.000000        0.000000       -0.000000        0.000000       -0.000000        0.000000       -0.000000        0.000000       -0.000000 
       0.000000       -0.000000        0.000000       -0.000000        0.000000       -0.000000       -0.000000       -0.000000        0.000000       -0.000001        0.000000        0.000000        0.000001        0.000000        0.000000        0.000000        0.000000        0.000000        0.000000        0.000000        0.000000       -0.000000       -0.000000       -0.000000        0.000000       -0.000000        0.000000       -0.000000        0.000000       -0.000000        0.000000       -0.000000 
      -0.000000        0.000000       -0.000000        0.000000        0.000000        0.000000        0.000000        0.000000       -0.000000       -0.000000       -0.000000       -0.000000       -0.000000       -0.000000        0.000000        0.000000       -0.000000       -0.000000        0.000000        0.000000        0.000000        0.000000       -0.000000       -0.000000       -0.000000        0.000000        0.000000        0.000000       -0.000000        0.000000       -0.000000        0.000000 
       0.000000       -0.000000        0.000000       -0.000000       -0.000000       -0.000000       -0.000000       -0.000000        0.000000       -0.000000        0.000000        0.000000        0.000000        0.000000       -0.000000        0.000000        0.000000        0.000000        0.000000        0.000000       -0.000000       -0.000000       -0.000000        0.000000        0.000000        0.000000       -0.000000       -0.000000       -0.000000        0.000000       -0.000000        0.000000 
      -0.000000        0.000000       -0.000000        0.000000       -0.000000        0.000000        0.000000        0.000000       -0.000000        0.000000       -0.000000       -0.000000       -0.000000       -0.000000       -0.000000       -0.000000       -0.000000       -0.000000       -0.000000        0.000000       -0.000000        0.000000       -0.000000        0.000000       -0.000000        0.000000       -0.000000        0.000000       -0.000000        0.000000       -0.000000        0.000000 
       0.000000       -0.000000        0.000000       -0.000000       -0.000000       -0.000000       -0.000000       -0.000000        0.000000       -0.000000        0.000000        0.000000        0.000000        0.000000       -0.000000        0.000000        0.000000        0.000000       -0.000000       -0.000000       -0.000000       -0.000000        0.000000        0.000000        0.000000       -0.000000       -0.000000       -0.000000        0.000000        0.000000        0.000000       -0.000000 
      -0.000000        0.000000       -0.000000        0.000000        0.000000        0.000000        0.000000        0.000000       -0.000000        0.000000       -0.000000       -0.000000       -0.000000       -0.000000       -0.000000       -0.000000       -0.000000       -0.000000       -0.000000       -0.000000        0.000000        0.000000        0.000000        0.000000        0.000000        0.000000       -0.000000       -0.000000       -0.000000        0.000000        0.000000        0.000000 
       0.000000       -0.000000        0.000000       -0.000000       -0.000000       -0.000000       -0.000000       -0.000000        0.000000       -0.000000        0.000000        0.000000        0.000000        0.000000        0.000000        0.000000        0.000000        0.000000        0.000000       -0.000000        0.000000       -0.000000        0.000000        0.000000       -0.000000       -0.000000       -0.000000        0.000000        0.000000        0.000000       -0.000000        0.000000 
      -0.000000        0.000000       -0.000000        0.000000        0.000000        0.000000        0.000000        0.000000       -0.000000        0.000000       -0.000000       -0.000000       -0.000000       -0.000000        0.000000       -0.000000       -0.000000       -0.000000       -0.000000        0.000000        0.000000        0.000000       -0.000000        0.000000       -0.000000       -0.000000       -0.000000       -0.000000        0.000000        0.000000        0.000000       -0.000000 
       0.000000       -0.000000        0.000000       -0.000000       -0.000000       -0.000000       -0.000000       -0.000000        0.000000       -0.000000        0.000000        0.000000        0.000000        0.000000        0.000000        0.000000        0.000000        0.000000        0.000000        0.000000       -0.000000       -0.000000       -0.000000       -0.000000       -0.000000       -0.000000       -0.000000        0.000000       -0.000000        0.000000        0.000000        0.000000 
      -0.000000        0.000000       -0.000000        0.000000        0.000000        0.000000        0.000000        0.000000       -0.000000        0.000000       -0.000000       -0.000000       -0.000000       -0.000000       -0.000000       -0.000000       -0.000000       -0.000000       -0.000000        0.000000       -0.000000        0.000000       -0.000000       -0.000000        0.000000       -0.000000        0.000000       -0.000000       -0.000000       -0.000000        0.000000        0.000000 
       0.000000       -0.000000        0.000000       -0.000000       -0.000000       -0.000000       -0.000000       -0.000000        0.000000       -0.000000        0.000000        0.000000        0.000000        0.000000       -0.000000        0.000000        0.000000        0.000000        0.000000       -0.000000       -0.000000       -0.000000        0.000000       -0.000000        0.000000        0.000000       -0.000000       -0.000000        0.000000        0.000000        0.000000       -0.000000 
      -0.000000        0.000000       -0.000000        0.000000        0.000000        0.000000        0.000000        0.000000       -0.000000        0.000000       -0.000000       -0.000000       -0.000000       -0.000000       -0.000000       -0.000000       -0.000000       -0.000000       -0.000000        0.000000        0.000000        0.000000        0.000000        0.000000        0.000000        0.000000        0.000000       -0.000000        0.000000        0.000000        0.000000        0.000000 
       0.000000       -0.000000        0.000000       -0.000000       -0.000000       -0.000000       -0.000000       -0.000000        0.000000       -0.000000        0.000000        0.000000        0.000000        0.000000        0.000000        0.000000        0.000000        0.000000        0.000000       -0.000000       -0.000000       -0.000000        0.000000        0.000000       -0.000000        0.000000        0.000000        0.000000        0.000000        0.000000       -0.000000       -0.000000 
      -0.000000        0.000000       -0.000000        0.000000        0.000000        0.000000        0.000000        0.000000       -0.000000        0.000000       -0.000000       -0.000000       -0.000000       -0.000000        0.000000       -0.000000       -0.000000       -0.000000       -0.000000        0.000000        0.000000        0.000000       -0.000000        0.000000        0.000000       -0.000000        0.000000        0.000000       -0.000000        0.000000       -0.000000        0.000000 
       5.303866        3.676377        1.178612        0.211724       -0.250230       -0.063293       -0.039648        0.009094        0.000797        0.002088       -0.000258        0.000041       -0.000068        0.000007       -0.000002        0.000002       -0.000000        0.000000       -0.000000        0.000000       -0.000000        0.000000       -0.000000        0.000000       -0.000000        0.000000       -0.000000        0.000000       -0.000000        0.000000       -0.000000        0.000000 
       3.676377       31.593697        3.614692        2.588575       -3.079442       -0.252159       -0.287697        0.149422        0.005884        0.014914       -0.004865        0.000050       -0.000501        0.000121       -0.000008        0.000012       -0.000002        0.000000       -0.000000        0.000000       -0.000000        0.000000       -0.000000        0.000000       -0.000000        0.000000       -0.000000        0.000000       -0.000000        0.000000       -0.000000        0.000000 
       1.178612        3.614692        3.811537        0.252921        0.257016       -0.347371        0.010598       -0.039888        0.017350       -0.002236        0.002136       -0.000621        0.000124       -0.000072        0.000017       -0.000004        0.000002       -0.000000        0.000000       -0.000000        0.000000       -0.000000        0.000000       -0.000000        0.000000       -0.000000        0.000000       -0.000000        0.000000       -0.000000        0.000000       -0.000000 
       0.211724        2.588575        0.252921       -3.420103       -0.319982       -0.352373        0.315169        0.002703        0.031450       -0.014968        0.000762       -0.001439        0.000486       -0.000048        0.000044       -0.000012        0.000002       -0.000001        0.000000       -0.000000        0.000000       -0.000000        0.000000       -0.000000        0.000000       -0.000000        0.000000       -0.000000        0.000000       -0.000000        0.000000       -0.000000 
      -0.250230       -3.079442        0.257016       -0.319982        3.136506        0.252850        0.346411       -0.252286       -0.007689       -0.029303        0.010744       -0.000363        0.001268       -0.000318        0.000032       -0.000037        0.000007       -0.000001        0.000001       -0.000000        0.000000       -0.000000        0.000000       -0.000000        0.000000       -0.000000        0.000000       -0.000000        0.000000       -0.000000        0.000000       -0.000000 
      -0.063293       -0.252159       -0.347371       -0.352373        0.252850        0.185707        0.093435       -0.017443       -0.013097       -0.007528        0.000748        0.000440        0.000355       -0.000027       -0.000008       -0.000012        0.000001        0.000000        0.000000       -0.000000        0.000000       -0.000000        0.000000       -0.000000        0.000000       -0.000000        0.000000       -0.000000        0.000000       -0.000000        0.000000       -0.000000 
      -0.039648       -0.287697        0.010598        0.315169        0.346411        0.093435        0.199497       -0.018992        0.011695       -0.018600        0.001431       -0.001386        0.000856       -0.000092        0.000066       -0.000027        0.000004       -0.000002        0.000001       -0.000000        0.000000       -0.000000        0.000000       -0.000000        0.000000       -0.000000        0.000000       -0.000000        0.000000       -0.000000        0.000000       -0.000000 
       0.009094        0.149422       -0.039888        0.002703       -0.252286       -0.017443       -0.018992       -0.117370       -0.012524       -0.014103        0.012329        0.000530        0.001500       -0.000620        0.000014       -0.000076        0.000021       -0.000002        0.000002       -0.000001        0.000000       -0.000000        0.000000       -0.000000        0.000000       -0.000000        0.000000       -0.000000        0.000000       -0.000000        0.000000       -0.000000 
       0.000797        0.005884        0.017350        0.031450       -0.007689       -0.013097        0.011695       -0.012524        0.001291       -0.004393       -0.000169       -0.000466        0.000223        0.000049        0.000033       -0.000004       -0.000002       -0.000001       -0.000000        0.000000        0.000000        0.000000       -0.000000       -0.000000       -0.000000        0.000000        0.000000        0.000000       -0.000000       -0.000000       -0.000000        0.000000 
       0.002088        0.014914       -0.002236       -0.014968       -0.029303       -0.007528       -0.018600       -0.014103       -0.004393       -0.017694       -0.001858       -0.001512        0.001588        0.000156        0.000161       -0.000070       -0.000004       -0.000008        0.000002        0.000000        0.000000       -0.000000        0.000000       -0.000000        0.000000       -0.000000        0.000000       -0.000000        0.000000       -0.000000        0.000000       -0.000000 
      -0.000258       -0.004865        0.002136        0.000762        0.010744        0.000748        0.001431        0.012329       -0.000169       -0.001858       -0.014501       -0.001453       -0.001267        0.001196        0.000062        0.000122       -0.000052        0.000000       -0.000006        0.000002       -0.000000        0.000000       -0.000000        0.000000       -0.000000        0.000000       -0.000000        0.000000       -0.000000        0.000000       -0.000000        0.000000 
       0.000041        0.000050       -0.000621       -0.001439       -0.000363        0.000440       -0.001386        0.000530       -0.000466       -0.001512       -0.001453        0.000216       -0.000040        0.000165       -0.000030        0.000012       -0.000010        0.000002       -0.000001        0.000000       -0.000000        0.000000       -0.000000        0.000000       -0.000000        0.000000       -0.000000        0.000000       -0.000000        0.000000       -0.000000        0.000000 
      -0.000068       -0.000501        0.000124        0.000486        0.001268        0.000355        0.000856        0.001500        0.000223        0.001588       -0.001267       -0.000040       -0.001307        0.000017       -0.000106        0.000108       -0.000001        0.000010       -0.000005        0.000000       -0.000000        0.000000       -0.000000        0.000000       -0.000000        0.000000       -0.000000        0.000000       -0.000000        0.000000       -0.000000        0.000000 
       0.000007        0.000121       -0.000072       -0.000048       -0.000318       -0.000027       -0.000092       -0.000620        0.000049        0.000156        0.001196        0.000165        0.000017        0.000014       -0.000007        0.000011       -0.000005        0.000001       -0.000001        0.000000       -0.000000        0.000000       -0.000000        0.000000       -0.000000        0.000000       -0.000000        0.000000       -0.000000        0.000000       -0.000000        0.000000 
      -0.000002       -0.000008        0.000017        0.000044        0.000032       -0.000008        0.000066        0.000014        0.000033        0.000161        0.000062       -0.000030       -0.000106       -0.000007       -0.000005        0.000011       -0.000000        0.000001       -0.000001        0.000000       -0.000000        0.000000       -0.000000        0.000000       -0.000000        0.000000       -0.000000        0.000000       -0.000000        0.000000       -0.000000        0.000000 
       0.000002        0.000012       -0.000004       -0.000012       -0.000037       -0.000012       -0.000027       -0.000076       -0.000004       -0.000070        0.000122        0.000012        0.000108        0.000011        0.000011        0.000006        0.000000        0.000000       -0.000001        0.000000       -0.000000        0.000000       -0.000000        0.000000       -0.000000        0.000000       -0.000000        0.000000       -0.000000        0.000000       -0.000000        0.000000 
      -0.000000       -0.000002        0.000002        0.000002        0.000007        0.000001        0.000004        0.000021       -0.000002       -0.000004       -0.000052       -0.000010       -0.000001       -0.000005       -0.000000        0.000000       -0.000003       -0.000000       -0.000000        0.000000        0.000000        0.000000       -0.000000        0.000000       -0.000000        0.000000       -0.000000        0.000000       -0.000000        0.000000       -0.000000        0.000000 
       0.000000        0.000000       -0.000000       -0.000001       -0.000001        0.000000       -0.000002       -0.000002       -0.000001       -0.000008        0.000000        0.000002        0.000010        0.000001        0.000001        0.000000       -0.000000        0.000000       -0.000000        0.000000       -0.000000        0.000000       -0.000000        0.000000       -0.000000        0.000000       -0.000000        0.000000       -0.000000        0.000000       -0.000000        0.000000 
      -0.000000       -0.000000        0.000000        0.000000        0.000001        0.000000        0.000001        0.000002       -0.000000        0.000002       -0.000006       -0.000001       -0.000005       -0.000001       -0.000001       -0.000001       -0.000000       -0.000000       -0.000000       -0.000000       -0.000000        0.000000        0.000000        0.000000       -0.000000        0.000000       -0.000000        0.000000       -0.000000        0.000000       -0.000000        0.000000 
       0.000000        0.000000       -0.000000       -0.000000       -0.000000       -0.000000       -0.000000       -0.000001        0.000000        0.000000        0.000002        0.000000        0.000000        0.000000        0.000000        0.000000        0.000000        0.000000       -0.000000       -0.000000       -0.000000       -0.000000        0.000000        0.000000        0.000000       -0.000000       -0.000000       -0.000000        0.000000       -0.000000        0.000000       -0.000000 
      -0.000000       -0.000000        0.000000        0.000000        0.000000        0.000000        0.000000        0.000000        0.000000        0.000000       -0.000000       -0.000000       -0.000000       -0.000000       -0.000000       -0.000000        0.000000       -0.000000       -0.000000       -0.000000        0.000000        0.000000        0.000000       -0.000000       -0.000000       -0.000000        0.000000        0.000000        0.000000       -0.000000        0.000000       -0.000000 
       0.000000        0.000000       -0.000000       -0.000000       -0.000000       -0.000000       -0.000000       -0.000000        0.000000       -0.000000        0.000000        0.000000        0.000000        0.000000        0.000000        0.000000        0.000000        0.000000        0.000000       -0.000000        0.000000       -0.000000        0.000000       -0.000000        0.000000       -0.000000        0.000000       -0.000000        0.000000       -0.000000        0.000000       -0.000000 
      -0.000000       -0.000000        0.000000        0.000000        0.000000        0.000000        0.000000        0.000000       -0.000000        0.000000       -0.000000       -0.000000       -0.000000       -0.000000       -0.000000       -0.000000       -0.000000       -0.000000        0.000000        0.000000        0.000000        0.000000       -0.000000       -0.000000       -0.000000        0.000000        0.000000        0.000000       -0.000000       -0.000000       -0.000000        0.000000 
       0.000000        0.000000       -0.000000       -0.000000       -0.000000       -0.000000       -0.000000       -0.000000       -0.000000       -0.000000        0.000000        0.000000        0.000000        0.000000        0.000000        0.000000        0.000000        0.000000        0.000000        0.000000       -0.000000       -0.000000       -0.000000       -0.000000        0.000000       -0.000000        0.000000        0.000000        0.000000       -0.000000        0.000000       -0.000000 
      -0.000000       -0.000000        0.000000        0.000000        0.000000        0.000000        0.000000        0.000000       -0.000000        0.000000       -0.000000       -0.000000       -0.000000       -0.000000       -0.000000       -0.000000       -0.000000       -0.000000       -0.000000        0.000000       -0.000000        0.000000       -0.000000        0.000000        0.000000        0.000000        0.000000       -0.000000       -0.000000       -0.000000        0.000000        0.000000 
       0.000000        0.000000       -0.000000       -0.000000       -0.000000       -0.000000       -0.000000       -0.000000        0.000000       -0.000000        0.000000        0.000000        0.000000        0.000000        0.000000        0.000000        0.000000        0.000000        0.000000       -0.000000       -0.000000       -0.000000        0.000000       -0.000000        0.000000        0.000000        0.000000       -0.000000       -0.000000       -0.000000       -0.000000        0.000000 
      -0.000000       -0.000000        0.000000        0.000000        0.000000        0.000000        0.000000        0.000000        0.000000        0.000000       -0.000000       -0.000000       -0.000000       -0.000000       -0.000000       -0.000000       -0.000000       -0.000000       -0.000000       -0.000000        0.000000        0.000000        0.000000        0.000000        0.000000        0.000000        0.000000       -0.000000        0.000000       -0.000000       -0.000000       -0.000000 
       0.000000        0.000000       -0.000000       -0.000000       -0.000000       -0.000000       -0.000000       -0.000000        0.000000       -0.000000        0.000000        0.000000        0.000000        0.000000        0.000000        0.000000        0.000000        0.000000        0.000000       -0.000000        0.000000       -0.000000        0.000000        0.000000       -0.000000       -0.000000       -0.000000        0.000000        0.000000        0.000000       -0.000000       -0.000000 
      -0.000000       -0.000000        0.000000        0.000000        0.000000        0.000000        0.000000        0.000000       -0.000000        0.000000       -0.000000       -0.000000       -0.000000       -0.000000       -0.000000       -0.000000       -0.000000       -0.000000       -0.000000        0.000000        0.000000        0.000000       -0.000000        0.000000       -0.000000       -0.000000        0.000000        0.000000       -0.000000       -0.000000       -0.000000        0.000000 
       0.000000        0.000000       -0.000000       -0.000000       -0.000000       -0.000000       -0.000000       -0.000000       -0.000000       -0.000000        0.000000        0.000000        0.000000        0.000000        0.000000        0.000000        0.000000        0.000000        0.000000       -0.000000       -0.000000       -0.000000       -0.000000       -0.000000       -0.000000       -0.000000       -0.000000        0.000000       -0.000000       -0.000000       -0.000000       -0.000000 
      -0.000000       -0.000000        0.000000        0.000000        0.000000        0.000000        0.000000        0.000000       -0.000000        0.000000       -0.000000       -0.000000       -0.000000       -0.000000       -0.000000       -0.000000       -0.000000       -0.000000       -0.000000        0.000000        0.000000        0.000000       -0.000000        0.000000        0.000000       -0.000000       -0.000000       -0.000000       -0.000000       -0.000000        0.000000        0.000000 
       0.000000        0.000000       -0.000000       -0.000000       -0.000000       -0.000000       -0.000000       -0.000000        0.000000       -0.000000        0.000000        0.000000        0.000000        0.000000        0.000000        0.000000        0.000000        0.000000        0.000000       -0.000000       -0.000000       -0.000000        0.000000       -0.000000        0.000000        0.000000       -0.000000       -0.000000        0.000000       -0.000000        0.000000       -0.000000 
       5.315060        1.178612        3.837663        0.255206        0.298289       -0.331287       -0.029886       -0.033790        0.014603        0.000858        0.001697       -0.000443       -0.000001       -0.000055        0.000011       -0.000001        0.000001       -0.000000        0.000000       -0.000000        0.000000       -0.000000        0.000000       -0.000000        0.000000       -0.000000        0.000000       -0.000000        0.000000       -0.000000        0.000000       -0.000000 
       1.178612        3.614692        3.811537        0.252921        0.257016       -0.347371        0.010598       -0.039888        0.017350       -0.002236        0.002136       -0.000621        0.000124       -0.000072        0.000017       -0.000004        0.000002       -0.000000        0.000000       -0.000000        0.000000       -0.000000        0.000000       -0.000000        0.000000       -0.000000        0.000000       -0.000000        0.000000       -0.000000        0.000000       -0.000000 
       3.837663        3.811537       33.315838        2.833839        2.743839       -3.298338       -0.180411       -0.306853        0.164067        0.002109        0.016166       -0.005505        0.000194       -0.000556        0.000141       -0.000012        0.000014       -0.000003        0.000000       -0.000000        0.000000       -0.000000        0.000000       -0.000000        0.000000       -0.000000        0.000000       -0.000000        0.000000       -0.000000        0.000000       -0.000000 
       0.255206        0.252921        2.833839       -3.610988       -0.381110       -0.420159        0.322012        0.038569        0.024433       -0.013941       -0.002173       -0.000826        0.000378        0.000085        0.000018       -0.000007       -0.000003       -0.000000        0.000000        0.000000        0.000000       -0.000000       -0.000000        0.000000       -0.000000        0.000000       -0.000000        0.000000       -0.000000        0.000000       -0.000000        0.000000 
       0.298289        0.257016        2.743839       -0.381110       -2.734221       -0.326659       -0.226491        0.239558        0.003044        0.021115       -0.010818        0.000696       -0.000923        0.000335       -0.000042        0.000026       -0.000008        0.000001       -0.000001        0.000000       -0.000000        0.000000       -0.000000        0.000000       -0.000000        0.000000       -0.000000        0.000000       -0.000000        0.000000       -0.000000        0.000000 
      -0.331287       -0.347371       -3.298338       -0.420159       -0.326659        3.100964        0.313618        0.353013       -0.275576       -0.012359       -0.033247        0.012948       -0.000286        0.001603       -0.000423        0.000039       -0.000052        0.000011       -0.000002        0.000001       -0.000000        0.000000       -0.000000        0.000000       -0.000000        0.000000       -0.000000        0.000000       -0.000000        0.000000       -0.000000        0.000000 
      -0.029886        0.010598       -0.180411        0.322012       -0.226491        0.313618        0.081938        0.093774        0.002380       -0.002227       -0.005582       -0.001218       -0.000106        0.000155        0.000063        0.000008       -0.000002       -0.000002       -0.000000        0.000000        0.000000        0.000000        0.000000       -0.000000       -0.000000       -0.000000        0.000000        0.000000        0.000000       -0.000000       -0.000000       -0.000000 
      -0.033790       -0.039888       -0.306853        0.038569        0.239558        0.353013        0.093774        0.332384        0.023551        0.026798       -0.032373       -0.002383       -0.003190        0.001554        0.000055        0.000167       -0.000050        0.000001       -0.000006        0.000001       -0.000000        0.000000       -0.000000        0.000000       -0.000000        0.000000       -0.000000        0.000000       -0.000000        0.000000       -0.000000        0.000000 
       0.014603        0.017350        0.164067        0.024433        0.003044       -0.275576        0.002380        0.023551        0.210244        0.021443        0.020747       -0.016202       -0.000649       -0.001912        0.000678       -0.000029        0.000085       -0.000020        0.000003       -0.000003        0.000000       -0.000000        0.000000       -0.000000        0.000000       -0.000000        0.000000       -0.000000        0.000000       -0.000000        0.000000       -0.000000 
       0.000858       -0.002236        0.002109       -0.013941        0.021115       -0.012359       -0.002227        0.026798        0.021443        0.005340        0.003585       -0.002019       -0.000092       -0.000497        0.000110       -0.000017        0.000027       -0.000004        0.000001       -0.000001        0.000000       -0.000000        0.000000       -0.000000        0.000000       -0.000000        0.000000       -0.000000        0.000000       -0.000000        0.000000       -0.000000 
       0.001697        0.002136        0.016166       -0.002173       -0.010818       -0.033247       -0.005582       -0.032373        0.020747        0.003585        0.049846        0.002138        0.004309       -0.004259       -0.000062       -0.000407        0.000190       -0.000006        0.000019       -0.000006        0.000000       -0.000001        0.000000       -0.000000        0.000000       -0.000000        0.000000       -0.000000        0.000000       -0.000000        0.000000       -0.000000 
      -0.000443       -0.000621       -0.005505       -0.000826        0.000696        0.012948       -0.001218       -0.002383       -0.016202       -0.002019        0.002138       -0.006556       -0.000281       -0.001050        0.000650       -0.000008        0.000088       -0.000031        0.000002       -0.000004        0.000001       -0.000000        0.000000       -0.000000        0.000000       -0.000000        0.000000       -0.000000        0.000000       -0.000000        0.000000       -0.000000 
      -0.000001        0.000124        0.000194        0.000378       -0.000923       -0.000286       -0.000106       -0.003190       -0.000649       -0.000092        0.004309       -0.000281        0.000887       -0.000433        0.000093       -0.000085        0.000025       -0.000007        0.000004       -0.000001        0.000000       -0.000000        0.000000       -0.000000        0.000000       -0.000000        0.000000       -0.000000        0.000000       -0.000000        0.000000       -0.000000 
